HANGAR 18
[Megadeth - Rust In Peace]

Intro

G
D  7                                       8                                        9
A
E    0 0 0   0 0 0  0 0 0  0 0 0   0 0 0   0 0 0   0 0 0   0 0 0    0 0 0   0 0 0   0 0 0   0 0 0

G
D 10
A
E     0 0 0   0 0 0   0 0 0   0 0 0



G
D
A 17 17 17 17/12
E

G
D
A 0            |1                |2               3|
E

G                  |                   |                |        10 9 7    7     10 9
D         12 12 |         12 12 |       12 12 |                 10   10
A     0            |     1           |    2           |    3 
E 0                |  0              | 0              | 0


Riff del verso
G
D 7/12   8/12   9/12  10/12
A
E


Coro
G              |            |              |
D       0     |      0    |       0     |     0
A            0 |         1 |           2 |        3
E 0 0         | 0 0      | 0 0        | 0



G
D
A 0 0 0 0 0 0 0 0 0 0 | 1 1 1 1 1 1 1  1 1 | 2 2  2 2 2 2 2 2 2 | 3 3 3 3 3 3 3 3 3 
E




G
D        5 5
A
E  3 3


G                          |
D                      5  |
A         4   4    5    |          3   3
E 2 3 4   4    5       | 0 2 3   3   3 2 0 

Pre Final

G
D
A
E 3  0 0 0 0 0 0 0 0 0 5  5  5  5

Final

G
D
A
E 3  0 0 0 0 0 0 0 0 0 5  5  5  3  0

